function [h_sw, s_sw]=seawaterprop(T ,w)

a1=-2.348e4;
a2=3.152e5;
a3=2.803e6;
a4=-1.446e7;
a5=7.826e3;
a6=-4.417e1;
a7=2.139e-1;
a8=-1.991e4;
a9=2.778e4;
a10=9.728e1;
h_w=(141.355+4202.07*T-0.535*T^2+4*10^(-3)*T^3);
h_sw=(h_w-w*(a1+a2*w+a3*w^2+a4*w^3+a5*T+a6*T^2+a7*T^3+a8*w*T+a9*w^2*T+...
    a10*w*T^2))/1000;
  
b1=-4.231e2;
b2=1.463e4;
b3=-9.88e4;
b4=3.095e5;
b5=2.562e1;
b6=-1.443e-1;
b7=5.879e-4;
b8=-6.111e1;
b9=8.041e1;
b10=3.035e-1;
s_w=(0.1543+15.383*T-2.996*10^(-2)*T^2+8.193*10^(-5)*T^3-...
    1.370*10^(-7)*T^4)/1000;

s_sw= s_w - w*(b1 + b2*w + b3*w^2 + b4*w^3 + b5*T + b6*T^2 + b7*T^3 + ...
    b8*w*T + b9*w^2*T + b10*w*T^2)/1000;
end

